0.320014108334401
0.159783775189727
-2.81181439903813
-5.32284829850961
-6.11725335167109
-5.19871147955674
-7.23864513750757
-9.26600688974929
-9.19171539995404
-10.5341290357269
-12.7165628191887
-10.3180129159034
-13.8196948507054
-12.2885552205225
-11.8355949199279
-13.1859037626893
-14.1362322922642
-9.31210816997952
-10.5516757163449
-10.4571979670818
-12.4121968224014
-12.3504873731947
-14.7657971237735
-18.5700732393895
-22.7597656829788
-23.0358249451536
-24.9867100669313
-27.2349934683184
-26.4521513633972
-24.8983038801887
-24.661535691414
-21.4968586812541
-20.6812457100807
-20.7516031261467
-17.491945446369
-21.5425955464768
-21.080207185821
-18.2045257331994
-20.3564275775929
-18.5974349209671
-18.4756470336536
-19.34418857478
-19.6866054032093
-18.7194053060017
-17.9199809590561
-17.9807677508385
-16.5059766931405
-16.5774581975302
-14.4395030243672
-16.90153727299
-16.9502481700807
-19.446606573887
-17.659329247604
-19.2666160164884
-17.5881020310346
-16.3423211736126
-19.3867669843928
-21.4780214548339
-21.223221367539
-24.7683370073683
-22.7770378998312
-25.3301937646264
-25.3806655688118
-29.8039056607822
-30.8372085310387
-32.2989086230485
-36.7995708246085
-35.6838312268938
-37.4743636929526
-37.9162820490003
-35.8008040009374
-37.8557285619671
-35.8567813956442
-38.2298886490867
-38.8200591604765
-42.2046725465528
-41.930309524129
-41.867736247864
-41.9159093565034
-41.4151346309855
-42.3928172093303
-37.6699345948353
-37.7563060608485
-36.3090815960633
-35.5472606804004
-34.7702467681835
-36.0895517799437
-39.7729603076553
-41.2773608131325
-44.0061697423257
-44.9714434065303
-46.3677476564443
-48.3741179896838
-45.4220811579505
-46.3160882519206
-47.9909281715398
-51.8964112839958
-54.2419729150901
-55.0975729235004
-56.4162919203776
-56.6117049060587
-56.8449582574563
-55.4965098927362
-57.2759494606953
-57.0418746155734
-56.5638987823082
-55.3624524895896
-54.1010039915303
-52.5426677468787
-49.4849022810007
-48.4997963188131
-46.8946638594086
-42.6859363300423
-40.611810898394
-36.9904436265762
-37.0477314769087
-34.9584809128043
-35.7534089364046
-34.0852062085545
-34.7855364871401
-33.557067551739
-38.7926873234402
-41.3901632904175
-45.8281280631611
-45.915676658386
-46.0799918362099
-45.0124400307236
-45.4493898441816
-47.2155987945295
-48.3791287388602
-49.6625362385606
-50.4218001432834
-49.4100025389437
-48.2887641906203
-46.5919636988151
-44.6702356630498
-39.8505889072848
-40.800016036235
-40.8750161455319
-43.2121932789727
-45.2097390872249
-50.1131305908899
-51.6272491098117
-51.0482241356381
-50.3504027007198
-49.2058019630348
-48.2799585015795
-45.415994511727
-45.3129155431771
-46.445053233246
-47.1671012455943
-47.7897710337679
-46.3891726125011
-47.1708752334741
-47.1149907270183
-47.0262695896164
-44.6498786263403
-44.2748674591297
-42.911000962188
-43.4142781141825
-45.7957625537575
-47.9210213045429
-49.7319681853821
-50.0654730605804
-49.7007243200837
-53.9988968516565
-53.5344436371293
-57.20426522346
-55.9908319534487
-58.3190669510651
-54.9123719681659
-56.0605576785962
-56.873352154743
-57.1486805278735
-58.0346720478897
-60.9868919649676
-62.8646186918864
-66.5572284571046
-66.8356488161807
-67.6893495477739
-71.1817241921802
-76.2700600748481
-77.4710140051604
-77.4227621533699
-78.0023436455308
-80.1506471498913
-81.697571121335
-79.8345352399806
-79.1170944424897
-78.704107309086
-78.4296811206728
-79.5789741724707
-80.593862972438
-83.0541563703414
-82.1206643405299
-83.5014873809412
-84.6266014023594
-84.3596826343506
-84.4635028834442
-82.3086677599852
-79.9895714707474
-79.1252173203256
-77.7043157637695
-78.7922664238584
-78.8967267555165
-76.5785022167336
-73.0951630163756
-70.6389562268449
-70.7439760445659
-70.2110821978232
-67.8270315831175
-68.5730517794403
-70.7239935135439
-71.6993342892214
-73.3429473754454
-76.4867445578504
-79.1983691432225
-79.4204077340301
-77.4975327833129
-78.0330065815896
-78.1475123624634
-78.7371412011553
-77.0749244985228
-76.3971273598797
-78.3153291522261
-76.6919553637705
-75.6122652863946
-75.1512663526485
-75.2815422473962
-74.7819106690829
-74.1788565414252
-76.6444568144451
-76.3514585370403
-80.2354907464549
-79.8299610078402
-84.0016949338007
-82.02685142796
-84.27216435213
-80.5654927364207
-82.118644828144
-81.255334839394
-79.5967793162035
-80.9091840204722
-80.5002898430555
-79.2394312503314
-76.0618354834989
-73.7583119192322
-76.4660105577716
-75.3147930921234
-77.1194587368939
-75.3937734307972
-76.6014421991158
-75.3661841305639
-76.139532857542
-74.6665625195082
-75.5921485948563
-77.9541811179766
-77.6430326914825
-79.6876704421559
-81.3190060282431
-79.6793063377867
-82.9902068512343
-83.2004935803908
-84.6698052979819
-85.880968355666
-87.1090294712549
-89.2889391170961
-90.7317497070991
-90.7293386153783
-88.9783099033228
-85.9481927666955
-82.8626942607858
-84.6939625487449
-83.2718282386824
-84.3537470416637
-85.1600119968741
-83.2940931528834
-79.8712683859368
-81.722119454726
-78.3688672760864
-74.8643496370595
-75.561803369477
-74.2541390294427
-73.3836193634078
-73.3278556977017
-72.1560228687133
-69.8723633882165
-74.238843940176
-71.1131002690034
-70.7776350166058
-70.5755736743035
-75.1628493983981
-76.1201256435542
-76.4720975807426
-74.8185086752582
-71.3648716505344
-68.3871093062582
-69.7753811012578
-68.1383369568534
-67.5325480204625
-65.2419651276213
-64.4691902325333
-63.1545011738953
-66.8411266364967
-64.3257028354565
-64.391743158579
-62.9364355790586
-68.9655508229953
-70.6012452718284
-76.6508431116732
-81.649592865254
-82.8409422767428
-86.4022341545712
-85.5946685305689
-87.2199141549533
-89.7426508721851
-90.861455789344
-91.3682122442124
-94.0915439332617
-91.3100934177075
-89.5328918252952
-90.3160977675044
-90.2183827049691
-91.112966595214
-94.3272766466348
-93.5985478294014
-95.9133771709577
-98.9748646014502
-99.4268402916181
-100.86805936882
-101.974496500254
-102.228150619986
-101.000531026013
-99.2056748528289
-97.9809536798723
-95.1160718681537
-98.3486862457009
-97.5002333828703
-97.0739933711973
-97.0411782772446
-97.7153582600807
-94.1103478980807
-95.3295351361128
-98.4677291420738
-100.753165440783
-105.117475065008
-106.035692559679
-106.004689501736
-108.423805441004
-110.212428660937
-112.530963885792
-113.933084191395
-116.476071778631
-117.728819914148
-122.199125917078
-122.057200249676
-121.293687290875
-126.966553850332
-125.787369878691
-126.952546675313
-126.470911890237
-126.397173694275
-128.906291806903
-129.839973214084
-129.781136968743
-127.563572436635
-125.727855963296
-123.604561868592
-121.836921136591
-123.729841226613
-120.425121037155
-121.744605919775
-118.027117565958
-118.017338429402
-117.344737880601
-119.870917775301
-118.929424418362
-117.861958318262
-117.537324352754
-116.931543058424
-114.821118289085
-114.051885625934
-112.0056591759
-111.295127402989
-107.752282173915
-109.466170858864
-109.407230322238
-111.701629412176
-111.539013479563
-111.844747172021
-111.167019343685
-112.326947129921
-109.403332814487
-107.916805155136
-107.501826453607
-108.07943937457
-106.781096956888
-109.024010238003
-110.986780397832
-111.714652559634
-110.442075244092
-108.794056148534
-108.896162220675
-108.352963194966
-110.857427900282
-110.42236396789
-113.094370630385
-112.094859664215
-110.255570270322
-106.236454342579
-108.140341910847
-104.396844093731
-104.862837587691
-103.186012513324
-105.089783164294
-105.649192451493
-105.397862131224
-102.666305577655
-103.276053233091
-102.791239200685
-100.355828001792
-100.014709416207
-100.043425842037
-97.5003604886896
-95.981681434066
-96.2573243789863
-98.7493343093417
-101.250740122798
-103.059120953825
-102.224940409436
-100.994493372568
-98.1144335442645
-95.8689083804448
-95.705382096473
-96.4349971467771
-97.4943871664035
-100.085071031769
-101.464081275258
-101.653752697083
-100.321124937288
-100.171277376501
-100.012214987521
-102.487340394516
-105.90857127569
-104.709606347091
-104.939812804711
-103.079797706669
-102.002411924849
-104.411656612049
-104.797710532497
-105.142435087582
-105.553869986832
-103.764265829067
-103.236038827311
-105.438498176934
-106.218423838514
-107.776058196722
-105.267133494412
-107.620380024835
-107.427673584195
-109.535459603038
-107.231781742556
-109.334663387587
-112.68191390392
-112.737362246892
-114.02572381838
-113.800107616153
-111.68635760856
-111.247887207877
-106.818901174634
-106.272783533504
-103.966556298315
-101.118322307699
-98.3768987986531
-98.2501659655138
-98.1915996414893
-96.7779145134176
-97.2960778452145
-97.8836326011486
-95.1326367179175
-96.2845342292504
-92.8036842875607
-93.2048470671193
-96.7357195202349
-95.6118061178565
-98.1770707174889
-100.573189838157
-102.449935873743
-105.493833800505
-104.455346755306
-106.710641555287
-102.468464516614
-104.216062968825
-103.527403467279
-103.984417030821
-106.269191517363
-106.525571882907
-104.049596643296
-102.335132351748
-103.194729351731
-104.855583176023
-101.590862227101
-100.948525254215
-100.168629868449
-99.6155331504241
-96.0240470736802
-93.4822399773274
-92.4219197554097
-88.8267026568826
-87.7850121291345
-92.0672750648376
-94.8482232725129
-96.8891583533019
-95.4374947154382
-94.2577616966673
-97.0798318704237
-96.9347372730912
-100.102297919434
-99.2030744351276
-101.647005243633
-101.192465797335
-99.7842489202294
-101.175308800383
-100.460292867151
-101.259535491959
-99.9382429653943
-96.9423184143159
-98.4757159241501
-101.664829390817
-104.67365858251
-106.80894592713
-109.227053626283
-111.598114416926
-111.505950019364
-111.713065796259
-108.494292831034
-106.302416015114
-104.548148060533
-101.142831391455
-101.694823953953
-101.801263278936
-99.6409984718623
-101.401076066228
-102.621443648098
-105.656467075025
-108.62676784776
-112.904144126432
-114.134232123
-116.541813112246
-118.56615474174
-120.854177498562
-122.049714591141
-121.183066936166
-122.693179395999
-123.592201102785
-122.263695431907
-123.742821989527
-120.317562431469
-118.329876680607
-116.789027370508
-117.450169330552
-114.615676584238
-115.269355556818
-112.806765104292
-116.205355309161
-114.113430710293
-115.894850045418
-115.17820353867
-118.068030298597
-118.226899536487
-120.308038177248
-119.473474646154
-121.642982620918
-118.886836187258
-116.998035280084
-112.164125255552
-113.128496838978
-110.980501662217
-111.880491814021
-110.810284443191
-110.516279045071
-111.589973059288
-116.702147427372
-116.805535610313
-116.837488161765
-117.163041542724
-114.397155373177
-112.356857802304
-111.301724757437
-112.009001695133
-107.717592069114
-104.26209890796
-105.11372970826
-104.540003175476
-105.261142409307
-104.062266245189
-101.884618767004
-103.926213210073
-101.367520925571
-102.676576825199
