99435
140059
187538
283104
225000
213411
297731
368049
231651
255850
180707
231728
105645
138860
209051
223397
219978
224109
281685
359341
223317
276924
149870
235195
96168
138291
171619
277614
212663
247104
316359
384287
235570
247759
165673
222880
100338
132956
181837
276853
209872
224947
298663
377993
225867
245239
167989
227814
80203
111331
223661
159622
204624
231387
276006
380419
223890
217517
190920
209929
91425
125622
158979
253700
244893
245044
319015
442158
260236
252555
189931
239389
109044
145879
197877
289877
280778
281518
373598
484220
307838
320795
204654
268109
135496
170575
292178
266184
292606
310117
447976
540235
341357
339949
210370
286577
133292
190824
240397
413792
312772
376799
489067
578524
404320
351998
227661
330528
139670
188874
327077
341465
341270
406187
481751
617971
422060
378284
281690
334370
139376
197124
288532
382344
367754
439082
515634
655937
419287
374023
300454
341850
