0
-0.783713914030571
-1.43543031354041
-2.31124606619887
-2.83585902653921
-3.4734008003584
-4.18964109905834
-4.06448241031863
-5.11594170964352
-5.70760147293112
-5.86485849560837
-7.17736943563844
-9.78435652824789
-14.0105620198307
-16.0918911143137
-19.6158078290503
-19.4193996192185
-21.5756524310507
-21.8174572019614
-23.1646138629085
-22.3749357336197
-20.6279945544725
-19.5490574455581
-21.0493883422244
-22.1897556557609
-23.7943303338783
-25.5837881629981
-27.8489028538346
-28.6576521672563
-29.7421586248261
-29.6345196058811
-31.4760220738373
-32.6335561039512
-33.7870687461306
-35.2785585630664
-36.9151977595624
-36.8511286838143
-37.0553653294548
-36.7398578667432
-36.7394359507831
-37.0611746502202
-37.3195568000926
-39.7443692580505
-42.0080206231289
-43.7915113102719
-44.9581812669051
-45.6635462899328
-45.2940326019212
-45.2329794522408
-45.9097607086147
-45.1106377996277
-46.0769422276065
-45.0603254829565
-44.1108339022903
-44.3727207259089
-46.8281046655999
-46.7608689386008
-46.9260969474432
-46.9887156697861
-45.2842519871582
-43.5252070816804
-42.2041878441051
-43.4981277571982
-43.8623492589467
-43.1773369987235
-44.276479572062
-44.7926336151826
-43.0472684575689
-43.1290248727363
-42.8550658776601
-40.1797618144698
-39.0809632317059
-37.6262091099919
-37.7037833108674
-36.8248448279694
-36.6116176827063
-36.587416584901
-37.6639461116418
-38.1398490645942
-38.7655749338663
-38.0553022591539
-37.8345727183858
-37.3525160630737
-35.5949351795393
-35.6236259660721
-35.3576683124267
-35.4297755453077
-35.886741124384
-35.7379256879401
-36.5351986162578
-37.1477935428206
-37.2300960720828
-38.4765735112909
-39.8212333011021
-41.5701973257817
-42.4656778421535
-42.6228376728017
-41.9979546737773
-42.9082333791094
-42.8620286127609
-42.3464802186613
-41.067851808021
-38.5407067661601
-35.1581307948465
-32.4025164589398
-30.4701039656707
-31.6063093652198
-31.370624541093
-32.5054520529741
-32.6409701551478
-33.2485380369145
-33.7316389279156
-34.7847109843891
-36.902464142767
-36.7635424031407
-38.3190390639467
-39.6753367335679
-41.7551584022376
-43.2909012350228
-43.7744499846465
-43.1149808735818
-44.8063679686336
-45.3562151342256
-45.4121759343853
-44.8174491327377
-45.057018473955
-45.4695526569469
-45.8915970801058
-45.7259947088657
-47.6918154222197
-47.6714384469168
-47.216584195026
-49.6562954039746
-51.5113797807411
-52.5368404775949
-54.0304053946185
-54.5556086624952
-56.6720074797929
-58.3335240514886
-57.3978620770533
-58.2394758755263
-57.3966014847292
-56.6235732023342
-56.9132495323091
-55.8049149868862
-56.0696172266699
-57.0090802422062
-56.4906760976029
-56.4243078435144
-55.7399292013711
-55.4627280522464
-53.148100473158
-51.0471660782746
-50.8914832746454
-52.1785513087875
-51.543274525469
-50.6401263587373
-51.3614103953233
-51.1058357088369
-52.3070033116744
-52.7832985011303
-52.8468759346844
-52.878844394949
-53.4790669690177
-53.5121887191655
-52.6431222548952
-53.7290005148261
-53.9519515321986
-52.9920616065392
-52.5098325775392
-52.0453498080586
-50.4100303797258
-50.1245210266909
-49.1020648489497
-47.4354076629292
-46.4107901898028
-45.2622779657111
-44.6844796447549
-43.173578551543
-41.7310384201561
-41.471999937384
-43.1744809357316
-44.2392576335024
-44.3473396686962
-44.7176820597756
-44.8104238062985
-44.5161535932372
-43.8921479583106
-43.7335949096413
-42.594377380569
-42.4522307104373
-40.7998900567761
-39.8267607858208
-40.2261122819475
-39.2623136345468
-38.8984233090226
-36.6929817251381
-35.65663767993
-34.4523240703286
-33.9830091694227
-33.873111532951
-33.613517732591
-34.1502899130698
-36.0434556387633
-36.1143577216925
-37.5466024557395
-37.8110121450185
-38.3622903000291
-39.2003762630992
-40.7178345039777
-41.7198732871608
-41.3283279826509
-41.4291538486634
-41.7729181647106
-42.116600013452
-42.2806009666519
-40.2433313967133
-38.3645232669822
-37.8362290374694
-37.4094695517129
-37.6792851890563
-37.7430730735318
-37.4032889553071
-37.7602831446404
-38.0822005090399
-37.7808005102102
-38.4364214386571
-38.4578772498865
-39.7774504148144
-40.3112186224904
-41.9328866904356
-40.6476638911946
-41.74036526839
-42.641289040722
-44.1774837638628
-44.9917985479025
-46.0319877932422
-47.2804185634313
-50.0838859748932
-50.2743174644316
-50.5662357641842
-48.9739775128051
-48.3018286323601
-48.0806058524137
-47.8145576724645
-47.5325681030283
-48.7811315684175
-48.115505030369
-49.2814538466305
-49.382041231253
-48.5995333247903
-49.3206530969036
-48.1973295027588
-46.3404554237904
-44.5453003010735
-42.723985684419
-41.3688730340483
-40.1772070082385
-37.7134348397634
-36.3293021972783
-34.6364951611901
-32.9253192637052
-32.5701796148478
-31.1282513947986
-31.091050747835
-30.3133613098303
-29.9688358406038
-29.8719862393425
-29.1406940671284
-28.7837664661314
-29.0869357974922
-29.532134007342
-29.0174555292949
-29.9291927246858
-31.8903105910291
-32.1809829154365
-32.1199357242621
-32.3785501557821
-33.042370032048
-34.4763935075448
-36.2602048051498
-36.4126042167319
-37.6895032220735
-38.6256297659421
-39.7871889586172
-39.5117627332726
-39.7838927500874
-40.4163045807496
-40.6586623217416
-40.4262942804834
-43.5465466117979
-43.5840656317241
-43.8636847824203
-43.9575048966562
-43.9073428264161
-42.0481599972898
-40.1819688587242
-38.2566098784874
-35.7912311255438
-34.0781248088254
-31.5722320413418
