1.00857652039247
-1.9657408545678
-3.92306639265657
-5.4855112570682
-5.06456317319204
-1.62936344408712
-1.40889694570604
-0.999626123632514
0.812536737018966
0.896903502343722
-0.324576970492423
-1.58554684318782
-0.882221176620325
0.108761605425591
-0.0494375028852021
2.13737075967226
1.9051053267642
4.32318246329304
7.66999160946691
9.10626952585273
11.9033431207784
11.1165208958592
14.1506057555332
10.7307073768057
8.45339564703397
6.18342637072437
3.80401808700914
3.59208887277183
4.20403202428036
5.45733555345054
6.70662323557575
7.22652312264443
11.9537141927344
9.39375026091915
11.2587741616477
12.6830251372617
14.4962918661317
15.7387379801994
15.5841937982233
17.0318860080027
16.7274630076491
15.1648400015521
14.5934434083582
13.1081764342218
15.2020867025805
10.663964266812
12.9882000270858
12.8568087588312
10.9481204632548
12.1359365786356
10.5087806950355
12.7506157881382
12.978211139677
11.6743193513611
12.3800409296898
12.4715016911376
12.1750571298886
12.1241775372778
10.3170321988605
9.59252396923215
9.41110821003589
10.7801789148492
12.4135861148418
11.4798342920762
12.4480708919212
13.160546307554
9.26803893971253
9.73823880582044
10.7810531163467
12.6584584908917
14.562780383972
12.8387469066351
10.9868583131814
12.9338144946396
11.1871216128785
11.0171889280218
12.648476024599
12.5083590629889
12.6729267310185
13.310910565575
12.2093007034953
20.8993389989616
18.9436407466499
19.0015754665993
17.6907577298677
16.6911803787924
18.1292523225401
16.7219760425993
17.2084591374431
16.2421065255124
15.5210238569542
14.6179528327665
15.3981635857091
19.9978542053793
17.1185587181389
16.3404766753943
18.0147542222642
14.4120092315835
15.3866530628643
17.4125349606925
18.3315914649263
20.0706652679172
21.9687076858518
23.2902810218586
24.4502097841247
25.2011052639857
24.6033401387077
24.5386056047338
27.2370812441092
26.0116736021171
29.6253933636482
29.594743671737
28.8321655590506
32.3072495742238
30.0284842732329
31.3365944060661
35.6849657414632
34.7735397359383
38.1549581545737
38.1567844075224
41.8050687400305
36.3546757713665
38.5739897466199
39.0894392429515
38.9744333983462
36.8012728286073
36.635232683742
35.5037180342697
40.1174479159303
41.435668804213
40.1543195358756
38.989219493002
37.4670816814637
37.1630283491557
40.3081534986908
41.7821698429437
41.0647444902736
43.7969123019301
43.6356883187271
43.6903165554726
44.597948791057
45.9983111479039
45.5088069970133
41.9714469668787
43.6059790011504
39.5535400082408
39.5317187006477
40.9579982004098
37.5177741194166
35.4415537306911
35.4195711279357
33.5641865190195
30.6784453635542
32.5178672247468
27.9469725478492
28.2281686162111
28.9938720986143
27.370188826189
28.8755793983476
31.0299039545626
30.1660553694184
28.8544885131787
32.8461956454359
35.6501338056606
35.8326599632246
38.5109222456224
34.7656443205587
34.9100469183005
35.9779484574999
34.3598730329611
34.9213036157193
34.0778064301743
34.537855672452
33.9549652725184
32.7744932648294
30.8830070624397
32.3060353110503
34.2462205228356
32.9697198298706
34.3227135080671
32.7184637288386
30.6386895145885
30.9935484928937
30.2352749295023
29.6643132453226
28.5601052044397
31.7940991866301
32.2904456720748
33.0408322614786
34.1450230261225
33.1083659902787
35.390891115301
32.2221434751113
29.6014177989352
32.1401641958288
33.301801348876
33.5359457742934
35.4977124906536
39.0752022349123
39.6472167929675
38.9657753347415
34.9668468769245
33.5659460873392
32.3291786906359
29.8180170245042
26.7609713910415
25.949300966153
29.7395301444042
27.1360216958788
29.6874925791579
28.0610760314049
30.1122506303679
28.9177850127094
28.9112468122762
33.4133271562893
35.6322530359526
34.8221875046056
31.2560245212492
34.2965778867734
36.7912690351295
34.6766529747618
38.4710634061772
39.7293988180022
40.1875269733992
38.7418384571337
34.9082516949623
34.9736821002718
36.7840791926132
33.963882315019
33.2183295192586
34.0369587986076
37.3417106262624
32.0055532838891
33.7228028561101
33.7343295108838
34.1975426927727
34.9688472045015
34.0835495638451
33.7651318941178
35.2348375809585
31.5095055035286
28.1201086627841
27.9886375089436
28.0101509298562
28.22798074843
27.2309547109204
29.5007035643388
29.0211954962083
24.1017301810075
27.4630933166785
28.4366116683809
30.4663624746179
27.7417924521079
27.6084141795082
28.7355106648298
27.9392214064071
28.1101236363305
26.7723962271459
26.2845925726475
26.9538216762716
21.8773033442169
25.4530262085623
25.3081926487091
24.2341264435715
26.7667958499003
28.874718668455
29.6930101946353
30.5105166241099
30.0408132824953
28.6979642466647
30.3377641210043
30.328441738832
25.5691762659907
29.2548208272449
30.4862127200101
25.9457944892766
26.3766252011538
26.8675067919391
25.9944914262775
27.2864937470211
26.883293719159
27.6905417199244
29.2607121569518
32.202070101403
28.7669009078396
31.4998232901673
31.8715324205144
29.7134358843362
31.2842974446831
31.4387377448952
32.8300914577493
32.1148427046285
32.5394707703053
31.7618045007651
31.3602310701773
31.0549340308797
27.4461516828092
26.8674840083111
28.9360947094459
28.8200701928817
29.3956883791511
29.6632471645233
31.4461126223482
30.4477310317585
29.3918675405324
29.5440179294593
32.6053421063601
31.4785332604133
29.1446065500316
28.5037272582009
32.0363343150396
31.4495983115517
35.8862709581311
39.2182600987796
40.8830537351119
42.3249891800318
45.5694917344337
43.14980283551
45.7602069795063
44.2862970492526
43.4910456151328
44.9207174758506
43.6193451834909
44.7644094339144
43.3730516339484
47.8385215464505
47.6421342015468
49.7019207701292
48.0745954506987
46.3520878757374
48.2472987615151
42.6915647214765
38.0976477493196
38.0534266958378
37.5920976936231
36.3572695865141
34.7454013416884
39.1381353205254
40.2153267306414
41.7794501100924
41.872305913924
42.4799820745974
43.5985038966034
45.3471693669247
43.8241562365957
48.2991874984432
47.0807957005449
45.5301241286077
47.1799307942904
47.8236848898126
47.8531042697171
53.392018746264
48.69041474437
49.9971982423234
52.396727735236
51.937101315667
50.9499008781534
49.7641186619458
54.2812352966599
52.3637565222434
50.9785214860269
52.7946227244704
55.2114385458843
58.3908056276183
57.3623668891592
60.391963900206
60.5093481888955
61.3353627686691
59.09418962486
59.1972979368327
61.3970433919942
60.6547468809949
59.9132929621987
59.7599243244494
60.5487511593759
60.8695555560109
60.8364457920014
62.693103968652
64.7684072322069
67.2763751793851
65.273943807352
65.1045123733707
63.3705685045909
63.6299820441533
62.5854412753426
63.6832698562348
66.0934377227641
61.3778706679921
60.1654603478397
60.3233774774387
61.1825310916954
59.4160159861032
58.2935999261701
56.4469937272026
57.0950573671545
58.8098918321106
58.8955276980412
62.1328020113473
60.0943566522927
56.9111053859772
59.365278571133
58.8026969129193
60.3965090160685
61.693713569784
60.7426412658138
61.6745044658913
60.0532393346322
62.027178934813
59.2790763109127
61.0076382281464
59.7929894022282
61.0073571429445
64.6131037439462
64.8349280724802
67.836971334705
72.8993951133569
69.3697954125475
68.4169071303738
65.2370179700273
68.5861929823578
64.2781238972378
65.7963739518837
66.4332158386097
65.9121740203862
64.7394797983446
63.4540930517426
59.2646543975375
61.4776411949435
61.1623807395563
61.8803386795735
56.0982971735193
57.650887972111
53.7004032329349
58.6828338198385
57.4277745261641
56.553514235992
54.2593414420682
55.381292122012
55.963777089745
58.3591380667763
54.3033532249402
53.8587299072943
55.5552435616069
55.7683301411489
54.1834788814718
56.5580795131116
56.8754432130816
56.8081444132938
56.2582294276719
55.1561882881343
54.3104324524356
56.2678028087541
55.0303144829567
54.6617915384659
54.0875258458946
54.7884067924308
56.504498281974
58.4825084970906
57.8386529301572
57.4732250809531
59.0972876363687
59.5714621976891
59.7539205975556
60.6399706224125
59.2434918785993
62.3857121637587
65.9874615129883
68.2984160931497
67.8682356236944
68.463362971334
66.3669783490763
67.1797338904213
69.0540589860856
69.946577092805
68.4069423057819
68.7653071567859
68.3965133755463
70.7799253198841
71.0721837611181
70.7318892406362
70.0642274950464
66.2828137069465
66.8925506905225
67.430218813186
66.823507875185
64.9564386298063
65.9778598651016
63.560469027507
64.4257902900353
68.2468910960635
68.6676390139288
73.7103869589624
69.8547961241245
71.0140489157605
69.7733793610509
69.0492355808293
68.6445824489324
66.3913326391557
69.7850200607241
70.3696200537766
72.965412959144
75.7215926134473
73.8233155233106
73.6328841572904
69.2739826761639
70.7340741722031
72.8394868809375
70.2901787060985
73.7345008997986
70.2374797573098
72.5537530690186
69.9707260966731
73.2562936342237
72.555880239547
72.9263371344745
70.5212892433959
64.9558580581512
65.7256846342
66.016230560395
63.1336211328574
63.6279280227708
63.2484507288917
65.6232153068543
67.1110884943517
68.7671709164287
70.391938362537
66.5940355501759
65.2510763066936
63.5590189551016
62.9516502907691
61.361930098797
59.7703811407463
60.0454731490397
61.7614300277022
58.3421321296823
61.3841650857407
59.7604000527466
60.6477546853781
62.32688454166
59.7796503109133
60.1516884874922
58.9682928744919
59.182030416194
56.375257707537
57.3314344690614
59.3542267975108
54.9120068269746
56.6443095511564
56.8329412763232
58.2642516072451
61.2521654246713
60.158101273896
63.3407404319999
62.5545392038967
61.8312855650048
63.9019525764045
68.112115458477
70.8235895736394
71.8518260253196
67.0991773940391
69.6443691431841
68.992052268539
68.7971730110439
67.7680494237111
66.2609500671386
67.9815656245584
63.9068683242124
64.1807960582871
61.8520057638956
63.9875987294326
61.2175167515949
56.5732023217567
59.185221737061
59.2154021591595
60.0540900324642
57.2686669230842
54.5858313278405
53.4324422874501
51.881543683539
53.4973132518128
54.3855067115678
53.7523892496326
55.19065893768
49.3281689845371
51.548937822331
54.6541135827741
53.0346343169823
55.8554435780394
57.343560949495
59.3875764751782
58.1158703266106
59.3084935143941
57.8714025657526
59.2582103310317
58.031094174924
57.1719513782642
57.7704858140405
61.9489894043706
59.8764037839008
61.3162335275977
